12.862305
13.027359
12.074720
12.031796
9.502781
11.040665
13.393944
9.109796
8.561228
11.617044
11.064043
10.351831
10.778675
10.220635
10.169446
10.092865
9.881056
13.928606
9.842563
11.544896
11.865330
12.668029
9.968318
9.264370
12.347595
11.064445
11.484236
10.866543
11.165010
11.212571
10.289761
12.159163
10.319386
10.520916
11.255900
12.630746
11.396770
10.608784
10.674483
11.873795
9.054375
9.387707
11.753078
11.307896
9.154535
11.504791
12.585199
9.230311
10.038250
10.228898
11.489676
11.766581
10.540263
10.953403
10.407858
12.609787
10.980810
8.526565
9.149095
12.235947
9.351432
8.472152
10.875007
13.685963
10.276056
9.841555
11.757310
10.275452
10.132364
11.306082
10.716200
9.166023
11.863517
11.461664
10.546108
12.135584
12.715187
9.643652
13.790356
12.141428
11.257110
9.537848
12.785118
12.318775
10.951589
11.240786
11.333490
9.745022
9.830873
11.910877
10.319183
11.699873
11.352031
13.568470
9.412496
13.818974
10.223860
11.297416
10.331074
11.419947
10.169446
11.021721
9.115641
8.331483
12.945739
9.672068
8.254901
11.582179
9.751471
9.187183
9.947157
10.584600
12.935863
11.911682
11.457633
12.142033
11.037441
9.449779
12.503781
9.072109
13.319780
12.139412
9.241597
9.296413
9.155745
12.655333
10.201893
10.631355
10.673274
8.317375
11.292982
14.051742
8.216207
10.997940
9.735952
12.980402
11.524743
9.494518
11.400398
11.087824
11.992294
12.723450
10.492299
11.566662
10.990484
9.426401
9.945545
10.783512
10.251671
11.620470
12.350416
9.401411
10.446551
11.009025
11.027364
10.898989
9.117051
10.731113
12.084597
11.557390
11.582784
11.483228
11.725669
10.416523
10.574121
11.103341
11.238569
10.591654
10.374605
14.127114
9.594478
11.486653
10.599514
10.808098
13.867139
7.893757
12.615429
11.800638
12.768190
11.027364
12.427603
10.986654
9.201090
12.552955
12.042477
12.554769
11.860695
11.657753
12.934252
11.849813
12.509625
9.245023
11.351023
9.941313
9.431439
9.720032
8.480414
13.711960
11.315756
14.192007
10.259329
10.890524
12.556581
9.649697
12.921152
11.202091
10.913700
10.676701
10.885083
9.222451
10.840343
9.458041
11.326637
11.974360
11.564848
11.537642
10.751670
9.703909
10.265778
10.863520
11.527564
9.863320
10.815152
11.153120
11.601526
11.833488
10.152316
10.748243
10.240184
12.208941
11.064849
10.878634
12.355656
10.507817
9.434866
12.830664
12.339936
9.741394
10.674483
11.688386
12.808496
10.214790
10.660779
9.774446
9.694840
11.046309
10.140627
9.009030
13.371171
13.110188
10.158564
10.615435
9.883877
10.918941
12.473954
13.979391
11.361906
11.037441
9.526764
11.703904
9.018099
10.786131
9.468521
11.283308
12.433043
10.603948
13.172462
12.222444
9.846795
11.615028
11.201487
11.953197
10.996127
10.154936
8.944540
9.511045
10.780086
10.266382
12.771817
11.071299
9.574325
9.618460
11.382664
12.187377
10.816563
13.082981
10.405641
12.189191
12.053964
10.272429
9.991695
11.258520
8.974972
9.313947
10.984640
11.869764
9.790366
9.993107
8.766992
11.578552
10.579763
11.034821
9.518500
11.260334
12.664401
9.581781
11.398786
11.987055
13.829453
12.241992
11.498343
12.153722
10.054573
11.659970
11.348806
10.995320
11.336714
8.324429
12.409867
12.196648
9.642241
9.330875
10.573919
10.180531
10.339539
8.756512
9.290771
8.959050
12.977177
12.221234
11.695238
10.141635
13.051542
10.856668
8.788555
12.397776
9.586618
10.917530
11.205114
11.886088
10.272429
12.364725
11.635384
11.188388
10.676297
9.129546
10.897982
11.411482
12.824820
12.143040
8.009033
11.080568
10.025150
12.235543
10.647882
13.288745
9.392141
8.217618
11.753883
11.899792
10.078153
11.080770
12.063032
11.732521
12.378630
11.093265
12.240379
11.260133
13.060208
12.090441
11.674278
11.312933
11.593264
10.219225
11.554167
12.666014
9.299235
10.059008
10.724060
11.847595
11.153321
8.903629
11.362309
11.793787
9.038252
11.564646
10.514065
11.395763
10.504189
10.203102
11.873997
10.132163
11.139818
12.780684
8.473965
11.056990
11.379641
12.467707
11.217812
9.976783
13.171655
10.499957
9.584805
11.327847
10.468922
12.145056
12.588827
8.998148
11.738165
13.148277
11.381857
11.524138
9.907254
11.710353
13.235742
10.509429
10.816563
11.427807
14.216997
11.611402
11.304268
10.168438
9.970938
9.000364
12.185160
10.603343
11.368154
11.687378
10.604552
10.404835
10.628131
10.140022
11.276457
8.932448
10.313138
8.523541
12.314342
12.648077
11.499753
12.202291
12.129941
12.660170
8.592465
11.623493
8.665823
11.057392
10.592258
10.242401
10.589437
10.714185
12.525747
10.414508
10.804672
10.463480
11.074321
9.905844
11.858076
9.463886
12.365128
10.932645
10.543891
11.171660
11.538044
10.577345
9.716002
11.156747
10.365133
13.438885
10.088229
10.898585
10.030793
10.843367
11.868555
9.956428
9.970535
10.883068
9.937080
10.334097
8.677511
8.860300
11.575327
12.334496
10.020716
10.287140
9.125515
10.804068
10.505600
11.247437
10.398788
11.099110
10.334097
10.746833
11.764565
10.419144
14.005389
10.973354
10.506809
10.989275
11.388508
12.647070
10.731113
10.225674
12.595075
11.303462
12.328650
14.130339
11.499350
12.527159
11.904024
13.103739
10.955820
11.412893
10.777466
9.695646
9.747037
10.911887
10.844978
12.110594
10.863922
10.534218
9.405442
13.031793
11.866942
9.486458
9.157761
9.281903
10.256508
12.415712
12.743603
10.570896
12.415712
10.919746
10.523738
11.959244
9.994316
9.913099
11.009226
9.184160
10.667832
13.318974
11.576134
13.049728
13.995313
11.545501
12.070489
12.879233
10.419546
10.625511
10.823818
11.587822
10.025755
9.877428
12.091650
12.365530
9.363322
10.888106
10.918739
11.917124
11.226880
11.058199
9.700081
11.801847
10.111607
11.390724
12.310311
9.540871
12.714582
10.702294
9.676098
11.497939
11.078957
11.056183
10.890524
10.974361
11.177303
10.083594
11.850618
9.834300
9.738371
9.612414
8.840349
9.770012
10.741391
10.318176
10.398184
11.948160
10.356871
13.475765
9.125113
12.757710
12.152512
11.689193
9.896976
10.398991
10.489276
11.973351
11.906040
11.065655
10.916321
10.987864
11.778671
10.280289
11.531595
11.977785
12.710350
12.797815
11.726274
10.460860
10.551751
11.435061
9.916726
10.416523
9.008426
9.993711
13.400796
10.981818
11.004390
13.581570
9.056390
11.061826
11.562026
9.520314
11.030588
11.937479
12.045902
11.071701
12.941507
10.254493
11.424985
10.978996
10.393347
10.147882
12.433849
10.639417
8.022535
11.910473
9.447159
12.074520
10.178918
9.450584
12.158961
12.720225
12.230907
11.549733
8.260140
12.630545
10.571703
11.055982
9.642644
10.714185
11.293587
11.522325
10.426398
9.057599
10.307294
10.845986
10.124303
8.437891
9.936275
13.198862
11.825427
11.697454
11.653925
11.262753
11.487459
12.666215
11.134982
12.541064
12.801039
12.410875
10.492500
13.207527
11.007211
8.245832
10.814144
11.330870
12.289755
9.140630
11.025349
11.905032
11.372990
11.868555
12.142436
12.289755
10.860295
9.630754
11.964887
10.744414
10.453202
9.595082
11.957229
10.242602
12.031593
12.161581
13.994103
14.211153
11.111605
11.074120
10.760738
12.019905
12.285522
10.766986
9.741394
11.222849
11.130346
9.401210
11.939695
10.424988
12.944933
10.435870
11.772223
10.856466
13.549123
11.556988
9.490287
11.121479
11.534215
11.698261
11.024744
11.397980
11.782703
10.882261
11.975769
11.618052
10.679924
10.775652
10.185972
10.253283
11.562227
10.286536
11.401003
10.702093
10.734942
10.093470
10.035227
11.293587
12.448360
13.121273
10.829259
12.218412
10.423174
11.762953
11.206526
9.949173
11.264365
12.678307
9.682144
8.487064
10.022127
8.889925
12.787537
12.046507
10.772629
10.134582
10.054372
11.477585
11.718213
11.650902
12.902410
10.517087
11.514263
10.780287
12.020106
13.340941
11.657753
11.857068
11.882662
10.510437
9.703708
12.594067
10.710557
10.362513
13.091647
9.438694
10.835305
13.574113
10.549534
10.717813
11.135989
13.672258
11.702090
10.043086
10.707333
12.517283
11.233933
13.846986
9.579363
10.722649
11.827846
10.414709
8.624710
11.711361
10.231518
10.466301
13.140821
9.919749
12.443926
11.410878
9.674083
13.223247
10.562029
9.198469
10.293590
9.317575
10.693024
10.403021
10.570292
10.363924
12.779274
11.828047
9.927811
9.572108
12.367949
9.830269
10.068277
9.537243
10.118660
11.525146
9.687384
9.862716
11.187582
10.121482
13.485641
10.276862
11.049935
11.763759
12.615832
9.504595
10.579966
10.485447
11.084801
12.695437
10.710960
10.225674
13.156943
11.661582
13.123086
12.334496
10.771823
11.874399
9.084000
11.394352
12.397573
12.090240
11.751667
10.674282
11.400398
11.201689
12.597292
11.884678
13.129333
10.183150
9.385289
11.191410
10.308704
12.466901
11.463881
10.919746
10.983229
11.341148
11.746024
11.529177
8.627129
10.816159
10.543488
8.725274
12.282499
9.680734
13.051140
12.396163
12.923571
8.525154
10.588833
13.903817
9.703909
10.023538
10.300643
10.066867
10.021523
9.903626
12.407650
11.579157
14.268991
9.771624
13.309704
10.660376
10.087625
9.622087
11.085607
10.180328
11.163599
11.850216
10.419345
13.067060
9.093472
11.408661
10.955014
9.201492
12.409263
11.953802
9.825029
11.171862
7.940714
13.626108
12.578751
14.317762
11.259528
11.027565
9.336922
13.399587
11.699471
10.249857
10.478796
11.625508
11.473756
11.618858
9.109191
10.352436
10.073518
10.024546
13.079757
9.506812
11.425590
13.220829
11.157956
10.270413
12.684353
12.447756
10.429825
12.193423
13.540860
11.281898
11.773634
12.154325
11.040463
13.805269
10.614023
9.912495
10.344577
12.048522
12.810511
9.922974
9.770012
10.394556
11.664001
12.692818
12.008015
12.702894
10.018499
10.001772
10.502779
11.303663
11.271419
12.225466
10.502577
10.992499
12.781693
13.270405
10.021119
12.720830
10.891532
10.146069
12.131351
9.665417
12.052150
11.303059
10.374806
11.967305
11.724863
11.399591
11.805475
13.252066
11.389314
12.533003
9.434866
13.681932
12.679919
13.140821
11.142640
9.171062
12.002775
14.146058
12.134979
10.008222
12.736348
13.258313
10.784923
10.170655
10.555580
11.679922
11.331474
11.607573
12.396364
10.578554
12.213375
10.821802
10.470533
13.588018
12.222444
11.171056
11.766177
